3.70896
3.80428
3.76004
4.25177
3.84054
4.36186
3.84187
4.31911
4.03334
3.8876
4.07226
4.28306
3.92734
4.26582
3.66857
4.07678
3.75777
4.11949
3.99662
3.85274
3.96007
4.11085
3.73734
3.72892
3.7805
4.20013
3.87662
3.81858
3.51407
3.89299
3.43347
3.8713
3.72127
4.08031
4.09029
3.78512
3.74699
3.75075
4.18198
3.72384
3.87444
4.13609
4.06261
3.69324
4.04625
3.98021
3.96695
3.96203
3.62072
3.95298
3.93912
3.80903
3.91629
3.81268
4.35117
4.13099
4.00019
3.76374
3.98152
3.82257
4.1512
3.84506
3.92149
4.16683
3.74733
3.94192
3.7118
4.03631
3.85569
4.19983
4.3724
3.83001
3.79882
3.79031
4.09905
3.70132
3.82678
4.31949
3.90719
3.74803
4.0389
3.87847
3.66563
4.08442
3.81865
3.67902
4.23204
4.1023
3.81313
3.98853
3.66491
3.87908
3.86742
3.89197
4.13921
3.75115
4.38087
3.91529
3.9392
3.82999
4.17689
4.55122
4.25883
3.86795
4.00546
4.3763
4.23223
4.07388
4.05964
4.11947
4.16857
3.93046
4.13742
4.00572
4.32084
4.06332
4.15632
4.05886
3.97093
4.16353
3.98111
4.14847
4.0743
4.27202
4.20724
3.96226
4.26332
3.92127
3.73863
3.84168
4.04019
4.56476
4.62351
3.58928
3.93428
3.6381
4.64506
4.14295
4.21422
4.42765
4.14174
4.32284
4.2585
4.36225
4.57773
4.44201
3.74469
4.30103
3.72558
3.94978
3.91266
3.86629
3.76102
4.12102
4.17929
4.20844
4.45095
4.08553
4.02492
3.93285
3.72668
4.23214
4.46589
4.33668
4.15174
4.37832
4.0962
3.97983
4.19061
4.2073
4.1076
4.14183
4.08266
3.96845
3.95051
4.06969
4.17695
3.76286
4.26682
4.076
3.72372
4.3557
4.04668
4.09109
4.23825
4.0474
4.20333
4.24845
4.00144
3.7847
4.27467
3.76609
4.20821
3.98396
4.55213
4.56185
4.13338
4.00873
4.0933
4.19547
4.26518
4.24403
3.91481
4.31907
3.80017
3.86503
3.92629
4.0677
4.17745
3.56268
3.93043
4.1613
4.1036
4.30106
4.36301
3.94488
4.25936
4.1721
3.70994
4.14137
4.48327
4.36196
4.09542
4.47132
3.96855
3.59545
4.06579
3.97034
3.99585
4.39358
4.15832
3.92998
3.78001
4.75822
4.22839
3.73249
4.61096
4.30035
4.06912
4.27874
4.06759
4.30102
4.24552
4.38464
4.18346
3.95563
3.80245
3.93428
3.98779
3.86417
3.91085
3.54913
4.34794
3.98392
3.79681
3.96327
3.93446
3.73287
4.40893
4.0696
4.36491
3.66319
3.80705
4.22599
4.07131
3.99772
3.95302
4.03236
3.86301
3.9015
3.75722
4.17319
4.22117
3.78588
3.8758
4.0903
3.81184
3.91824
4.35323
4.32342
4.03179
4.05636
3.96334
4.25648
4.42074
3.71692
4.05679
3.95669
4.25422
4.13905
3.83471
4.20605
4.25295
4.01866
3.69314
4.0861
3.9721
4.14803
3.96785
3.9969
3.99384
4.00661
4.15074
4.20683
4.32101
4.32952
3.566
4.55757
3.78911
3.69084
4.05294
3.75726
3.79928
3.66899
3.91305
4.17383
4.30796
4.21127
4.17831
4.02505
4.22207
3.55336
3.91441
3.67618
4.0698
4.02663
3.97368
3.84539
4.18932
4.19677
3.58353
4.07115
4.2211
4.05051
3.83238
4.24965
3.99213
3.84234
4.5385
4.22235
4.55248
4.10314
4.07337
4.38473
4.11949
4.11857
3.73951
4.07257
3.96888
4.07233
3.89906
3.67271
3.97187
3.90161
4.14976
4.10602
4.33334
3.83098
4.32974
4.15903
4.08931
3.81699
3.93303
4.29402
3.71645
4.04853
3.9798
3.99981
4.00291
3.60537
3.8356
4.11578
3.89574
3.81531
4.3389
4.06607
3.60464
3.65903
3.87532
3.69595
4.17092
3.62057
3.98501
3.89605
4.27287
4.00436
3.70394
3.93562
3.87217
4.352
4.44922
4.16788
4.38052
3.9875
4.31342
4.50398
4.29776
4.21294
4.26502
4.02433
4.47047
4.30493
4.07326
4.01415
4.27448
3.80246
3.8841
4.21238
3.8113
4.28085
4.1644
4.40748
4.11656
4.18689
4.18491
4.3481
4.01493
3.96587
3.52374
4.33849
4.4498
4.24238
4.02832
4.45783
4.61447
4.3136
3.83379
4.41
4.27768
3.69719
4.12883
4.10087
4.45014
4.7976
4.43174
4.46013
4.25132
3.81393
4.25163
4.13896
4.34466
4.07389
4.21561
4.19802
4.21283
4.27692
3.9583
3.84235
4.35656
4.27537
4.34059
4.25956
4.14394
4.31558
4.32092
3.98634
3.9996
4.08615
4.40046
4.07027
4.0884
4.21871
4.01786
4.59574
3.88963
3.91119
4.11641
4.00641
4.28285
4.14982
4.19993
4.17897
3.98635
3.95797
3.93096
4.26247
4.09204
4.10135
4.20223
4.38453
4.22925
3.86664
4.24549
4.1748
4.02412
3.92752
4.26114
4.0048
4.50673
4.01273
4.19641
4.05771
3.98866
3.95618
4.40266
3.82323
3.57224
3.95817
3.7396
4.03544
3.83408
4.31613
3.89013
3.66679
4.27406
3.92512
3.79011
4.17149
4.38538
4.32554
4.1439
3.89464
4.01758
4.29422
3.90791
3.55352
4.17886
4.17494
4.21495
3.33358
3.64198
4.5745
4.16109
4.16876
4.02348
4.34969
3.76095
4.27769
4.2143
3.67274
4.08912
3.8888
4.24396
3.97072
4.10729
4.24495
3.63293
3.89755
4.57006
4.16806
4.21279
3.78461
3.76176
3.97784
3.91179
4.0251
3.89956
4.17468
4.22966
4.1771
3.93326
3.98023
4.01954
3.82164
4.54544
3.91538
4.01641
4.31256
3.87909
4.15317
4.17131
4.01986
3.72765
4.19453
4.17911
4.32101
4.14018
3.96719
3.886
4.55363
4.27603
3.71346
3.9982
4.06578
4.2916
4.12447
3.95355
4.1302
3.96318
4.19414
4.23779
4.03276
3.84449
3.92269
4.33817
4.11924
4.15502
4.23452
4.08285
4.08185
3.89182
4.23455
4.08134
3.50289
4.15547
3.72064
4.09196
4.64755
4.24421
4.28734
4.00042
4.01798
4.00383
3.80232
4.28012
3.77606
4.47897
3.96509
4.19416
4.17758
4.32221
4.48651
3.75212
3.84176
4.33165
4.04998
3.83474
3.9148
3.93832
4.17255
4.42912
4.12551
3.87922
4.51791
4.20845
4.16463
3.84751
4.0972
3.89853
3.87489
4.1546
4.04013
4.18597
4.09606
3.95679
4.01293
3.99398
4.09386
3.82201
3.89271
4.16091
3.99836
4.07057
4.08587
4.34745
4.21428
4.07597
4.07313
4.19806
3.97803
4.27015
3.91039
4.07396
3.85491
4.16443
4.01854
4.27473
4.39379
4.20154
3.77523
4.01147
4.24185
4.53087
4.09751
3.67671
3.9257
4.22477
4.34787
4.01176
3.77821
4.30973
4.34642
4.47817
4.65086
3.96665
4.29156
4.38494
4.12366
4.59448
4.027
4.4486
3.99014
3.83131
3.94808
3.94388
3.82565
4.0165
3.88567
3.95682
4.04296
4.14249
3.7215
4.22002
3.96853
4.26835
3.65389
4.01934
4.14343
4.29834
3.99706
4.35264
4.22413
4.29971
4.22275
3.88849
4.38341
4.38795
3.89117
3.85104
3.57375
3.77256
3.83766
4.27402
4.06579
4.00973
4.41468
4.16183
3.95324
3.95651
4.34725
4.13398
4.31897
4.3507
4.09575
3.98831
4.25626
3.61187
3.74208
3.82049
3.99115
3.98595
4.06587
4.22597
3.80578
4.35942
4.03601
3.93586
4.11685
4.23175
4.23468
4.30062
3.89104
4.1591
3.97276
3.60905
4.24552
3.99507
4.16884
3.84622
4.39858
4.06172
3.79454
4.33048
3.96765
4.06261
4.13501
4.14654
4.06002
3.99065
3.83696
3.65443
4.05105
4.09082
3.90435
4.02887
3.69628
3.92262
4.19526
4.37317
3.94273
4.40901
3.88386
3.88845
3.79296
3.93071
3.57414
3.39913
4.38915
3.81823
4.1011
3.90367
4.14225
4.34328
4.06448
4.50339
3.96963
3.80674
3.57764
3.8585
4.23687
4.33766
4.08501
3.80193
4.17364
4.23436
4.08857
3.99341
4.47807
4.04045
4.07336
4.06595
4.2021
4.2416
4.10214
4.16924
4.29683
4.04144
3.98282
3.84229
3.97325
4.06165
4.48016
3.85333
4.34396
4.53125
3.78898
4.17519
3.8811
4.03243
3.98689
4.12786
4.04463
3.98147
4.24522
4.20973
3.67457
4.01156
4.08348
4.18944
4.04038
4.21759
3.9259
3.98268
3.94645
3.8052
4.19037
4.05351
4.39992
3.95804
4.25383
4.27249
4.2835
4.55092
3.85059
3.85664
3.94264
3.81712
4.17329
4.08974
4.30315
4.37896
4.04155
4.12991
3.89914
3.99853
4.21505
4.07512
4.41234
4.01007
4.23425
4.42071
4.4773
4.08372
3.85125
4.6005
3.86403
4.08963
4.04433
3.71704
4.4619
4.38559
4.5029
4.81704
4.10605
3.90382
4.1798
3.74349
4.26866
3.80692
4.47085
4.15651
4.16233
4.29863
4.011
4.42827
4.34396
4.30994
4.60557
4.6233
3.93445
3.92996
4.39167
4.38675
4.53712
3.96762
4.33521
4.22839
4.49563
4.26985
4.40575
4.17808
4.16215
4.03923
4.06485
4.34601
4.13197
4.24317
4.25484
4.43705
4.21279
4.16281
4.30624
3.95741
4.38379
4.29385
4.17265
4.4055
4.37317
4.49092
3.76905
4.6911
4.35741
4.18362
4.46343
3.9689
4.50244
4.3507
3.96142
4.47404
4.20721
4.48916
3.86377
4.49514
3.46885
4.13864
4.47787
3.9568
3.90427
4.44369
4.53752
4.45089
4.07022
4.16919
4.21836
4.52446
4.01047
4.22031
3.92866
3.97701
3.98449
3.96473
4.03674
3.78272
4.00492
4.02006
3.79527
3.89706
3.90706
3.87158
3.95186
4.32619
3.84849
3.93691
3.84942
3.84242
3.24231
3.75259
4.40618
4.4059
4.12915
3.75523
4.01526
4.17429
4.12702
3.88131
3.75879
4.27877
4.14516
4.04765
3.9436
4.2009
3.98531
3.68034
3.97008
4.12248
4.00857
4.00573
3.99793
4.02061
4.12874
3.92465
4.02052
4.36866
4.36124
3.66501
3.81563
3.90388
3.85466
3.74792
3.77453
3.77324
3.99166
4.24247
3.76611
3.68069
3.93548
4.33425
3.92973
3.88638
3.94138
3.86249
3.78917
3.84799
3.68522
3.90452
4.17951
4.42833
3.67165
3.89823
4.22559
3.92515
3.87224
4.19284
3.91187
4.16557
3.92069
4.16201
3.7179
4.00874
3.97684
4.20813
3.82272
3.97305
3.71447
4.60304
4.05458
4.02291
4.23125
3.87222
4.25006
4.15199
4.32485
4.03587
3.60176
4.1474
4.08975
3.881
3.9957
4.18572
4.08564
3.80356
4.3505
4.32185
3.78603
4.07331
3.76867
4.54982
4.06718
4.1157
4.19043
3.88335
4.3442
4.18137
4.28504
4.18651
3.90332
3.86628
4.20543
3.97271
4.31976
4.0735
4.21134
3.92408
4.06437
3.75367
4.04549
4.28921
4.29353
3.99637
3.58807
3.95805
4.53005
4.0614
4.03145
4.03861
4.06292
3.84343
4.1607
4.15352
4.19684
4.16856
4.39538
4.15746
4.31862
4.31016
3.88519
4.0843
3.88706
3.82575
4.08084
4.32717
4.13036
3.81225
4.23651
4.2432
3.95629
4.19189
4.2592
4.02567
4.03115
3.71782
3.894
4.12018
3.67684
3.83439
3.9919
4.08728
4.23762
3.85276
3.97665
4.30412
4.57375
4.14095
3.9778
4.60932
4.1881
4.25904
3.78852
3.92965
4.17387
4.17573
4.46765
3.90955
4.07995
3.88618
4.04725
4.25041
4.4365
4.22743
4.09846
3.95649
3.90667
4.03273
4.10172
4.42036
4.13671
4.2621
4.383
4.41679
4.26749
4.04372
4.57921
4.2313
4.36428
4.56358
4.26966
4.3981
4.06278
4.35677
4.54472
3.96869
4.35061
4.33954
4.04829
4.49794
3.99856
4.18526
4.54541
4.02612
4.47018
4.13579
3.73502
4.07172
4.23464
4.45976
4.30307
3.97099
4.16534
3.95086
4.0114
4.10442
4.42646
4.5209
3.90464
4.70513
4.1959
4.39361
3.91478
3.91236
3.89849
4.49333
4.40515
3.76997
4.0382
4.43366
4.56738
4.19086
4.01985
4.68432
4.29604
3.98532
4.15928
3.91023
4.11672
4.31352
4.04948
4.57501
4.15396
4.0651
4.01113
4.49625
4.23335
4.16018
4.03119
4.06983
3.86879
3.71784
4.14917
4.17547
4.12156
4.40039
4.06672
4.39887
4.0094
4.13613
4.06874
3.59646
3.90122
4.22847
4.43337
4.12621
4.05411
4.3392
4.12417
4.50521
3.91559
3.82312
4.84266
4.19335
3.95382
4.16892
4.22632
4.39289
4.50183
4.12954
3.89911
4.25457
4.16201
4.01188
4.19289
4.11812
4.06511
3.86396
3.96038
4.09526
4.16606
4.20328
3.91932
4.08059
3.56563
3.89277
4.03812
3.71857
4.3761
4.30742
4.3312
3.83541
4.2422
4.27191
4.21388
4.45625
3.78197
3.93239
4.09052
3.80354
3.75314
4.06403
4.11439
4.26395
3.96756
4.16185
3.74336
3.97554
3.91371
3.84406
4.5401
3.85101
3.71754
4.20574
3.60923
4.03787
4.02548
4.27643
4.42437
4.11833
4.52708
3.86875
3.71184
3.62577
4.00762
4.11656
4.01059
4.1146
4.2039
4.14663
3.9913
3.77486
3.98501
4.13274
4.34526
4.00546
4.13791
3.71994
3.84593
4.1343
4.55382
3.89323
4.19923
4.02776
4.05752
3.95248
3.91013
4.44148
4.43332
4.20777
4.28913
4.05527
4.42946
4.17038
3.90473
4.04482
4.21914
4.14326
4.01836
4.14639
4.49655
4.16747
4.04532
4.35164
4.22637
4.15152
4.29773
3.87829
3.59646
4.12121
4.41679
3.45552
4.23157
4.37719
4.20434
3.67448
3.8695
4.17514
4.40666
4.23496
4.41113
3.98493
3.88521
4.24032
4.21322
3.99955
4.21181
4.38829
4.10135
4.50689
4.06919
3.81092
4.34748
3.7998
4.1445
4.27815
3.98096
3.82956
4.48134
4.07814
4.06244
3.87964
4.29592
4.2175
3.91833
4.35424
4.15539
4.54168
4.62661
4.50736
4.20813
4.32388
4.29643
4.2563
3.98545
4.25505
4.03097
4.09266
4.37984
4.00354
3.704
4.21823
4.19876
4.11256
4.6807
4.40487
3.74051
3.92345
4.60157
4.30333
4.40957
4.25849
4.5386
4.00267
4.59877
4.47241
3.68175
4.46051
4.36466
3.97724
4.07546
4.27732
4.30079
4.42313
4.27535
4.24076
4.20873
4.09186
4.18572
4.07097
4.04432
4.16097
3.9674
4.26546
4.32864
4.21938
4.12193
3.75429
3.95323
4.46461
4.02186
4.15556
3.96075
4.15054
3.89644
4.39577
3.97079
4.22677
4.18867
4.07518
4.28827
4.17498
4.27146
4.59765
4.36167
4.29645
4.21731
4.48194
4.63392
4.43595
3.97078
4.3717
4.16216
4.33613
4.7437
4.12816
4.31727
4.58432
4.41274
4.11678
3.99978
3.78112
4.16645
3.30756
4.34478
4.29839
3.91598
3.69692
4.17822
4.3699
4.02506
4.37828
4.10017
4.06296
3.8857
3.67335
4.20727
4.36514
4.16985
3.86066
3.80944
3.89202
3.92045
3.4623
4.31374
4.04879
4.03474
4.23076
4.14368
3.91681
4.39792
4.26894
4.22426
3.95071
4.05787
3.86681
4.02252
4.00988
4.34782
3.71172
4.14777
4.39469
3.6766
4.32334
3.4619
3.62851
3.5149
4.06667
4.17136
3.83971
3.85908
3.97999
3.59815
3.64731
3.86779
3.99866
4.19364
3.89731
3.82894
4.30759
4.1005
3.78887
3.97012
4.21121
3.76115
3.53185
4.48688
3.73722
4.00995
4.0959
4.29771
4.02317
4.24212
3.41628
3.56774
4.27147
3.71054
4.38803
3.89115
3.96923
4.51322
4.08229
4.1798
4.12874
4.06029
3.81272
4.20688
3.96509
4.1919
3.96568
4.35256
4.06489
4.00525
4.22984
4.0256
4.01094
3.57513
3.99576
3.96661
3.93637
4.19791
3.83699
4.0751
4.66013
3.6037
3.74941
4.51762
3.98876
3.9866
3.74202
3.85562
4.16258
4.19575
3.92676
3.66228
4.14394
4.27712
3.85222
3.72959
4.26641
4.52331
3.99908
4.1225
4.40682
4.10239
4.50865
3.95312
3.65502
4.05064
3.83148
3.90676
4.0425
4.4178
4.27807
4.11798
4.14947
3.82273
3.89324
3.93969
4.10264
3.85799
3.99177
4.41226
3.9269
3.81607
3.81563
3.93963
3.93127
4.35837
3.93445
4.11097
4.38186
4.08503
4.30178
4.23421
4.2347
4.10696
3.93211
4.28031
4.13473
3.79217
3.84401
3.84906
3.6784
3.79857
4.21794
3.35036
3.99623
3.88687
3.70661
4.12216
3.7377
3.97605
3.8271
3.6164
3.80222
3.78123
3.80306
3.95546
3.91289
3.79258
4.11385
3.94439
4.31751
3.63876
3.94231
3.98547
3.98058
4.18719
3.8638
3.83922
3.67548
3.92301
4.12781
3.90893
3.95901
3.81612
3.83091
3.98094
4.05432
3.69427
3.91966
3.98795
4.45155
4.11269
4.1218
4.09762
3.42475
3.86176
3.57077
4.06995
3.94017
3.9424
4.09901
3.78158
4.06693
3.2896
4.15548
4.24848
4.04245
4.10175
3.88303
3.44672
4.06008
3.90088
4.03038
3.79403
3.91972
3.83672
3.70273
4.35449
3.75532
4.00298
3.60602
3.68936
3.73661
3.53548
3.62286
3.76167
4.14339
4.0068
3.57557
3.70251
3.63673
3.50863
4.20559
3.90201
4.21531
4.10692
3.80397
4.41839
4.29303
4.00405
4.42247
4.2965
3.9412
4.16782
3.83156
3.84653
4.28453
4.40685
4.25658
4.39224
3.96578
3.95925
3.79059
4.22726
4.41772
4.20142
4.65586
4.47378
4.23594
4.18011
4.46499
4.6645
4.30736
4.07917
3.80961
4.06595
3.93958
4.46385
4.36169
3.77712
4.58392
4.46897
4.27614
4.31836
3.91177
4.08914
4.0016
4.23884
4.17988
4.15136
4.54384
4.2958
4.07511
4.11202
3.83396
4.31532
4.05116
4.48779
4.01344
4.03715
4.28287
3.95666
3.88223
4.3893
4.42847
3.82048
4.13906
4.1478
4.27738
4.27941
4.22938
3.76917
3.96448
4.0252
4.09302
4.0988
4.16564
4.14812
3.81804
4.26937
3.82165
3.87422
3.59728
3.94767
3.54718
4.19522
3.98739
4.32635
4.23951
3.94154
3.92589
4.19802
4.05872
3.72197
3.88409
4.16669
4.02766
4.16588
4.09996
3.95266
4.27286
4.10478
4.16758
4.77849
3.68472
4.13787
4.00421
4.14013
4.4857
4.20502
4.01923
3.95117
4.06652
4.26917
3.87535
4.02741
4.57391
3.88008
4.24115
3.71808
3.82791
4.13097
4.3942
3.53799
4.19169
4.08689
4.19147
4.00948
3.91354
4.06789
4.01259
3.69808
4.36604
4.0832
3.74879
4.07521
4.34484
3.87899
3.84249
4.30993
3.86183
3.89532
4.36218
4.24528
4.27054
3.8631
4.04317
4.15911
4.07971
3.90292
3.9605
3.86616
4.04375
4.01882
3.9839
3.63827
3.97897
3.85884
4.18234
3.89867
4.03392
4.43625
3.50154
3.76376
3.7786
3.66825
4.20346
3.79658
4.01782
3.74955
3.66808
3.54635
3.64945
4.1634
3.92105
4.07072
3.89917
3.76893
3.96788
3.3139
3.65083
4.3261
3.91946
3.45246
4.01471
3.51815
4.10675
4.18669
3.84901
3.68313
3.72216
3.494
3.60485
3.84387
3.86641
3.81941
3.74447
3.94004
4.30736
3.89393
3.8937
3.33908
3.83576
3.4115
3.79079
3.70968
3.74669
4.26773
3.57311
3.70922
3.43744
3.60801
3.84625
4.09821
3.97614
3.75499
3.75759
4.11245
3.59632
3.79697
3.63583
3.87721
3.58052
4.12838
4.13149
3.73501
4.12115
3.57883
3.71086
3.95103
3.5814
3.39437
3.9122
3.69041
3.96271
3.53233
3.62012
3.75613
3.73556
3.91935
4.35695
4.23638
4.77636
4.05869
4.51247
3.9145
3.91806
3.9791
4.15811
3.98643
4.18
3.90405
4.31391
3.89194
4.2963
4.64364
4.23613
4.40521
4.47007
4.04262
4.47611
3.69863
4.30056
4.30706
3.89516
4.17755
4.17078
4.59421
4.5316
4.14117
3.98234
4.26106
4.10122
4.17739
4.15416
4.3976
4.26539
4.34548
3.88079
4.04473
4.13267
4.19287
4.12726
4.01015
4.54333
4.40662
4.15278
4.10907
3.97094
3.88306
4.40552
4.0278
3.47168
3.74039
4.25844
4.02694
4.38562
4.53534
4.44886
4.19085
4.34573
4.00458
4.18645
4.06886
4.33997
4.13005
4.03964
4.05726
4.15515
4.10712
4.02218
4.16838
3.77785
3.7966
4.29547
4.0837
4.02173
3.73476
3.79854
3.82234
4.12248
3.32577
3.94154
3.59958
3.6668
3.7696
4.30668
3.77415
4.05228
3.95473
3.84653
4.20946
3.24086
4.21039
4.39233
3.76049
3.64324
3.89476
3.90687
3.933
3.81343
4.07676
3.6656
4.01293
3.85006
3.67074
4.12196
3.8605
3.84639
4.08494
3.93312
4.21608
4.1821
3.83809
3.70201
4.28739
3.70466
4.04704
3.84503
3.3723
4.41511
3.64335
3.91637
4.18229
3.95277
4.09033
3.84608
4.34382
3.94118
3.94938
3.84848
3.65255
4.04363
4.45183
4.17914
3.83069
3.91941
4.14175
4.14679
4.01651
3.56824
3.84965
4.12615
4.04326
3.54544
3.8379
3.69764
3.99534
3.62736
3.91789
3.83515
3.90926
3.92855
3.72009
3.6685
4.16731
4.22147
4.56393
3.88339
3.90867
3.75118
4.36594
3.5455
3.94316
3.98897
4.21
3.94712
3.68914
4.05688
4.38925
4.0907
4.26715
4.1815
3.93757
4.20574
4.32024
3.62184
4.25582
4.03647
3.76151
4.08008
3.94625
3.98979
4.02173
3.80934
3.94062
4.3827
4.28638
4.00307
3.61419
4.17216
3.94806
3.84428
3.95852
3.71174
4.10936
3.87764
4.08267
3.78149
4.37078
4.3121
3.82173
4.091
3.88442
4.02191
3.7346
3.96951
3.89274
4.10135
4.24296
3.79803
4.02047
4.07569
3.95958
3.97674
4.17783
3.65416
3.9935
3.54151
4.05201
4.05337
4.18431
4.35069
4.00554
3.98309
4.17743
3.94614
3.96782
4.08675
4.41769
4.27829
4.23127
3.75366
3.43388
4.07374
4.40125
3.98392
4.19026
3.92305
4.14487
4.09365
4.37387
4.33991
4.30001
3.81816
3.91209
4.27537
4.10493
4.16943
4.10707
4.12361
4.69937
4.20717
3.85035
4.12341
3.73747
4.29453
4.25216
4.28519
4.03935
4.28375
4.21298
4.05627
3.94968
3.73402
3.9497
3.91269
3.98833
3.80831
4.28508
4.00866
4.0663
4.03894
4.00244
4.20963
3.93973
3.99863
4.23135
4.0863
3.77748
4.08964
3.78501
4.32636
4.05767
3.80574
4.17812
4.13024
4.16055
4.0719
4.25207
4.2125
4.02605
3.96851
3.7924
4.18358
4.08929
4.61998
4.099
4.17574
4.32392
4.07285
4.05054
3.9804
4.02169
4.27692
3.86957
3.68356
4.04261
3.87449
4.03297
4.1022
4.23222
3.97842
3.86741
3.79935
4.09273
4.25101
4.06771
3.83758
4.51183
4.03606
3.83193
4.2464
4.10504
4.27699
3.97667
3.87391
3.93717
4.25021
4.13629
4.05781
4.1405
4.32731
4.5138
4.58157
4.21438
3.80359
3.72416
3.59898
4.28017
3.822
3.64821
4.52689
3.89953
4.27078
3.75092
4.25784
4.4682
4.0298
4.74981
4.31227
4.10014
4.04406
4.02659
4.01482
4.099
4.41309
3.7439
4.22382
4.57899
3.96113
4.19477
3.92223
4.41314
4.60609
4.00683
3.68912
4.08165
3.84549
4.15929
3.93754
3.9768
4.31072
3.9556
3.70593
3.89041
4.2987
3.68791
3.87798
4.12897
4.19923
3.97512
3.66189
3.78406
4.34733
4.20352
3.95977
4.28289
4.17259
4.1135
4.28649
4.43272
4.11069
3.96244
4.35935
4.16154
3.87856
4.14644
3.78753
4.05247
4.1509
4.57483
4.03606
3.82521
4.16654
4.21961
4.19083
4.04128
4.20377
3.92722
3.86288
4.23193
4.19354
4.01125
4.06598
3.74676
4.04496
3.72522
3.89794
3.92195
4.10091
4.17358
3.97586
4.05335
4.01864
3.6796
3.70034
4.23734
4.61617
3.84075
4.04488
3.8676
4.15884
4.15274
3.8807
3.94472
3.9471
4.0447
3.87027
4.13289
3.8748
3.98451
4.01164
4.02069
3.75706
4.34536
3.92854
3.89005
3.7991
3.73676
4.25898
4.1103
4.27452
4.30919
3.67376
3.97325
4.38416
4.26133
3.82128
4.34156
3.93033
4.15781
4.3996
3.93196
4.05558
4.57416
4.07909
3.95669
4.17679
3.93037
4.19191
3.95373
4.427
3.98321
4.21432
3.88777
4.25604
4.21577
4.51711
3.77051
3.9599
3.94026
4.27909
4.31078
3.80049
3.57225
3.93556
4.1488
3.55264
4.13026
3.87011
3.8399
3.97899
4.09684
3.62583
4.34113
3.7908
3.60174
3.83813
4.3516
3.97784
4.20913
4.00416
3.81617
4.09994
4.08336
3.91778
4.27388
3.44353
3.85185
3.90147
3.75982
4.24053
3.88112
4.27063
4.04711
4.0834
3.77531
3.87479
3.74661
4.12273
4.35689
3.91733
4.01492
4.1891
4.12886
4.00173
3.77492
4.0194
4.3328
3.78137
3.75458
4.14816
4.01727
4.20219
3.82486
4.27422
3.98229
4.27872
4.03853
4.06232
4.42861
4.27892
3.84008
4.42323
3.99245
4.20349
4.41629
4.26842
3.7962
4.19701
3.77046
3.99732
4.15798
3.43765
4.18532
3.56632
3.9871
4.01187
4.24571
3.89138
4.01363
4.52856
3.83351
4.17775
4.29911
3.61655
4.3014
4.59788
4.46118
3.94988
4.06463
4.17967
3.99904
4.11124
3.78441
3.95643
4.23548
3.86612
3.66996
3.77528
3.60489
4.2891
3.80578
4.09204
4.1741
4.03577
4.14458
3.78303
3.90813
4.0462
4.64389
4.30454
3.84704
3.86106
3.99744
4.24893
3.576
4.29738
4.20407
3.92605
4.20051
4.11498
4.15048
4.10471
4.52199
4.04953
4.06311
3.9886
4.04485
4.35815
4.15086
4.07558
3.9342
4.34955
4.20807
3.99212
4.09728
4.04628
3.86545
4.03366
4.16428
4.24347
4.18724
4.03261
3.7674
4.13864
3.83907
4.10797
4.07826
4.4453
3.97102
3.94194
3.72371
4.21645
3.45082
3.90511
4.31783
3.88882
3.87716
4.41881
4.28116
4.04917
4.17264
3.98085
4.14113
4.20216
3.77892
3.7797
3.72153
3.99955
3.97462
3.50422
4.12284
3.88477
3.74673
4.06235
3.74773
4.15735
3.84845
3.79348
3.63131
3.91161
3.94069
3.81729
4.12474
4.10518
4.08575
3.5451
3.73008
3.83344
4.16135
3.90263
3.75162
3.95733
3.58473
3.45561
3.83622
3.94106
4.01332
3.89237
4.06087
3.93565
3.85206
3.76693
3.73711
4.04692
3.7413
3.86433
3.7084
3.87387
3.54978
3.95452
3.57587
3.87947
3.89508
3.74164
3.68745
3.42909
3.75656
3.76886
3.66593
3.72159
3.68075
3.53319
3.88322
3.69377
3.67477
3.77093
3.78217
3.62545
3.6898
3.80683
3.83134
4.11845
3.39622
3.79776
3.79949
4.01932
4.08771
3.9129
3.70716
3.80705
4.15466
3.66957
3.94765
3.92496
4.21324
3.49559
4.0294
4.01912
3.49095
3.68483
4.17708
3.80708
3.65561
4.3243
3.98014
3.83475
4.11907
3.91261
4.22567
3.80632
3.65335
3.83846
3.54662
3.96709
3.79717
3.98901
3.63235
3.90468
3.80584
3.82667
3.41368
3.52077
3.8116
3.57076
3.69889
3.62357
4.19435
3.78438
3.59428
3.56129
4.08785
3.80464
3.99198
3.97417
3.66107
3.86497
3.87297
3.66941
3.6827
3.68709
3.98736
3.726
3.92854
4.02031
4.05537
4.07106
3.80646
3.84421
4.01197
4.02237
3.64178
3.80325
3.45952
3.96107
3.59702
3.92716
3.74087
3.49454
3.86676
4.10103
4.11046
3.89618
4.08155
3.77603
3.82402
3.93713
4.08278
4.44923
3.80925
4.1236
3.82869
4.20494
4.19117
4.0281
4.10473
4.06382
3.68527
3.89801
3.67498
3.96039
4.33831
3.74344
3.90868
3.7837
3.54724
4.10872
3.49202
4.10798
3.71212
4.04203
4.0339
3.93447
3.91555
4.02334
3.97266
3.80547
4.20337
3.98046
4.23791
4.02194
3.72627
3.97255
4.26403
3.72779
3.80604
3.97173
3.54273
3.69993
4.08044
4.15163
4.13175
4.0431
3.73138
3.94565
4.45571
3.83196
3.7434
3.72475
4.24343
4.0675
3.36843
3.93151
4.04235
4.14405
4.29707
4.34123
4.07587
4.41039
4.44047
4.48359
3.90792
4.03324
3.96782
4.01186
4.45138
3.91059
3.96663
4.68255
4.42863
3.87986
4.1564
4.45709
4.03953
4.11903
4.3998
4.32886
4.37314
4.46434
4.05067
4.40322
4.47062
3.86195
3.93134
4.36756
4.18616
4.67629
4.03643
4.31208
4.2756
4.07289
4.13505
4.1563
4.19713
4.2385
4.48243
3.80738
4.29327
4.76158
4.06498
4.18207
4.07644
4.20581
3.82799
4.40761
4.4816
4.22716
4.09154
4.30169
4.57968
4.4012
4.29239
3.99715
3.88722
4.07841
4.36613
3.80091
4.07002
4.08833
4.17069
3.97769
4.06024
4.40473
4.39722
3.86689
4.23492
4.44564
3.91016
3.83942
4.15842
4.06242
4.13639
4.25739
3.99761
4.27752
4.34282
4.07194
4.34789
3.85925
4.06874
4.41937
4.2157
3.99865
4.14952
4.25735
4.39969
3.70989
4.0916
4.14844
3.80762
4.07912
3.59887
4.63072
3.98405
4.28803
4.14576
4.11449
4.45343
4.07466
4.37342
3.92574
3.94164
4.34987
3.84375
4.17846
3.93598
4.49219
3.98422
3.83816
4.10151
4.24639
4.151
3.99277
3.92323
4.38414
4.09013
3.92516
3.61619
4.17125
4.10425
4.10483
3.83086
3.77418
4.03077
3.81885
3.99709
4.24846
4.05754
3.98069
4.19028
4.18749
3.92129
4.51596
4.52126
4.28659
4.4442
3.86016
4.27565
4.0968
3.86718
4.31782
4.35161
4.07684
4.39785
4.01945
4.34223
4.62441
4.07451
3.63861
4.02013
3.73238
4.03266
4.00412
3.99838
4.24638
4.40585
3.9133
3.68706
4.11959
4.09535
4.37443
3.87155
4.52697
4.10075
4.40536
4.19908
3.861
3.91548
4.06881
4.45603
3.92335
4.44076
4.03787
4.20855
4.11349
3.64566
3.62133
4.3574
4.23519
3.70136
4.28136
4.14988
4.27659
4.22743
4.33484
4.34233
4.31481
3.78085
4.26885
3.98946
3.96098
4.19521
4.11507
3.98794
4.42503
4.1307
3.92618
4.31169
3.78561
4.20009
4.2871
4.14002
3.64861
3.68419
3.81599
3.96111
4.19386
3.79451
4.0659
3.7622
3.93726
3.8539
3.49486
4.2436
3.91576
4.19209
4.04411
3.93987
4.01272
4.10632
3.74918
3.94321
4.04581
4.35332
3.82218
3.59219
3.94737
3.80868
3.75551
3.5684
3.48197
4.13641
3.74348
4.32774
3.74876
4.29177
4.12469
4.11361
4.21245
3.83345
3.85419
3.84561
4.20414
3.54369
4.49753
3.71071
4.05613
3.90479
4.4974
4.2492
3.88119
4.19442
4.33281
4.0085
4.0172
4.21836
4.59602
4.26143
4.39098
4.33016
4.22681
3.67904
4.30684
3.86155
4.23148
3.86181
3.97587
4.16147
4.32723
4.19938
4.30195
4.21066
4.07816
4.02178
4.13408
4.26049
4.28167
4.1392
4.15702
4.37841
4.24567
4.25182
3.82851
3.99511
4.22379
4.5048
3.78252
4.13128
4.44335
3.89976
3.91029
4.34564
4.26199
3.99538
4.65859
4.19453
4.10943
4.30455
3.94162
4.125
4.25038
3.99779
3.86238
4.66093
3.78741
4.43761
3.62674
4.43366
4.42603
4.34359
3.97862
4.34808
4.40255
4.56018
4.46977
4.49306
4.39025
4.15067
4.20328
4.58852
4.57001
4.00426
3.83553
4.44404
4.34529
4.68481
4.03893
4.21187
4.72057
4.3555
4.36312
4.24016
3.63791
4.33371
3.73706
4.13156
3.97579
4.15023
4.10944
3.92217
4.12073
4.24189
4.26655
4.27099
4.57771
4.03458
4.24671
4.19407
4.11845
4.06441
4.32503
4.25054
4.27088
4.04813
4.19143
4.12899
4.15973
4.04841
3.90484
4.18572
4.01715
4.18318
3.92892
4.24151
4.09804
4.55454
4.04175
4.20796
4.23708
4.47165
3.7753
4.35141
4.22684
3.89108
4.09802
4.10204
3.69622
4.01634
3.86485
3.6626
4.01188
4.0455
4.00916
3.82854
3.9166
3.89955
4.17288
4.11941
4.37695
3.93679
3.75895
3.54705
4.19477
3.72729
4.02914
3.80509
3.43387
4.43682
4.05975
4.30177
3.93827
4.13269
3.82797
4.38039
4.13265
3.7324
3.84019
4.00967
3.57729
3.87542
4.164
4.28377
3.89972
4.43133
4.342
3.90544
3.95146
3.73324
3.69006
4.50931
3.92611
3.92003
3.90646
3.82841
4.04144
3.61079
3.76835
3.72095
3.96909
4.07339
4.17101
3.63489
4.01408
4.02612
4.02806
4.39376
4.05554
4.17395
4.30921
4.23041
4.09136
3.90086
3.99232
4.08936
3.92374
4.02659
4.12871
3.49081
4.28504
3.50701
3.50243
3.85819
4.09718
4.01091
3.76352
3.92798
4.01683
3.78394
3.45406
4.08308
3.81321
4.07644
4.03867
3.68619
4.11861
4.35041
3.53983
3.90617
3.98956
3.62763
3.65012
4.18987
4.28
3.92205
4.1064
3.67802
4.12208
4.53846
3.73075
3.64606
4.00788
3.63023
4.05904
3.93359
3.78778
4.16026
3.75577
4.39399
3.75929
4.35576
4.5549
3.92559
4.42661
4.25359
4.40337
4.29575
4.45105
4.75018
4.52591
4.44075
4.42163
4.78636
4.48692
4.62821
4.23352
4.25731
4.17175
4.42045
4.21356
4.59147
4.2953
4.43006
4.43038
4.09859
4.35928
4.26625
4.60512
4.28035
4.17123
4.20869
4.45439
4.43046
4.61741
4.26501
3.93658
3.92576
4.4088
4.17483
4.81766
4.35045
4.03683
4.58471
4.36926
3.77712
4.28036
3.95203
4.10768
4.32735
4.50152
4.40092
3.81183
3.81406
4.38937
4.2114
4.04289
3.89775
4.15696
4.31108
4.24747
4.54044
4.23106
4.24067
4.32081
3.88725
3.77849
4.35302
4.0986
4.15959
4.01937
4.59644
4.47925
4.4267
4.05912
3.72299
4.20888
3.78257
4.48307
3.899
4.18193
4.4536
4.1124
4.34654
4.22995
3.73709
3.80168
4.01408
3.64548
4.05172
3.95234
3.63197
3.60149
4.27366
4.50797
3.79632
3.96945
3.82307
4.37307
4.12946
4.38958
4.10272
4.15014
4.01293
4.1532
4.1238
3.93781
4.20215
4.10712
4.01036
4.24358
4.02248
3.99693
4.38526
3.93953
4.34205
4.23985
4.01931
4.1535
4.08867
4.13074
4.22013
4.0309
4.04333
4.31834
3.97664
3.85656
4.01992
3.90912
4.04831
3.95926
3.75497
3.62033
3.76288
3.68328
4.09771
3.49176
3.88037
4.00934
4.26442
4.06988
4.00395
4.24229
4.12103
4.01198
4.36473
3.66886
3.82934
3.91996
3.53053
4.13536
4.2097
4.25705
3.89098
4.06178
3.69874
3.81952
4.60225
3.78849
3.33945
4.17814
4.19074
4.19866
3.40701
3.85198
3.94308
3.89017
4.11935
4.15501
4.14345
4.12866
4.12616
4.05055
4.38384
3.74006
4.24717
3.89312
4.25908
3.95005
4.11558
4.45104
4.00161
4.30314
3.73435
4.18962
4.16097
4.09579
3.97479
4.07458
4.31205
4.41312
4.58152
4.3195
4.27155
4.12196
4.1626
4.30942
3.93382
3.96295
4.55444
4.11556
4.03292
4.48704
3.901
4.27712
4.07327
4.27926
4.03279
4.21446
4.4069
4.21769
3.90909
4.1677
4.16007
4.38308
4.36684
3.92237
4.08097
3.65653
4.31407
4.07543
4.14933
4.12978
4.07816
3.76801
4.19271
3.83956
3.6476
4.11953
4.28866
3.89706
4.21988
4.11282
4.11843
4.27795
4.3993
3.69918
3.86504
4.16747
4.35038
4.1048
4.01842
4.47764
4.1605
4.24273
3.96579
4.03773
4.13355
3.87121
4.27579
4.2336
4.17032
4.31558
3.69766
4.08723
3.99194
4.04524
3.75933
3.73217
4.18459
3.79611
3.91473
3.84847
4.06421
4.06346
3.99458
3.83012
3.49236
4.12288
4.14454
3.82887
4.13006
4.24114
3.99523
4.46863
4.05141
3.96455
4.1436
4.5265
4.19596
4.27606
4.21677
4.21605
4.0501
3.87923
4.47093
3.91843
3.83762
3.64718
3.88173
4.00933
3.95469
3.86736
3.54095
3.89107
3.88375
4.31701
3.87352
4.26909
4.25036
3.94116
4.45973
4.29011
4.2365
4.03649
3.8663
4.0024
4.01283
4.06454
3.99757
3.95747
4.61357
4.00663
3.90926
4.46828
4.0552
4.31855
4.12224
3.87995
3.99267
4.15332
4.06872
3.84875
3.81943
3.97852
4.08485
4.18296
4.45365
4.12273
4.256
4.0646
4.34844
4.36035
4.11723
4.4654
4.39218
4.35251
4.2475
4.39793
3.81105
4.1668
4.07716
3.96072
3.74257
4.05648
4.4506
4.44475
3.99568
4.51878
4.34292
4.17801
4.51539
4.17769
4.20049
3.99274
3.95455
3.79403
4.42022
4.48068
4.62872
4.00471
4.31583
4.07842
4.32993
4.63126
4.0876
4.54444
4.3338
3.96311
4.41256
3.71395
4.25512
4.17697
3.76595
4.18211
4.64423
4.31008
4.36614
4.29624
4.09516
4.181
3.80306
4.14462
4.38119
4.21793
3.77911
4.46066
3.84239
3.91613
3.55749
3.88438
4.44067
4.18983
3.40136
4.04721
4.37887
4.01472
4.07799
4.17739
4.26221
4.30463
3.8399
4.42091
4.06834
3.82786
4.25279
4.28641
4.07467
3.99039
4.38577
4.18116
4.43021
4.06758
3.7051
4.48115
4.14454
3.92207
4.4359
3.7508
3.91433
4.08718
4.06882
4.1932
4.29615
3.98513
4.43818
4.36899
3.84457
4.02721
3.92559
4.32165
4.40981
4.15149
4.08674
4.08814
4.43467
4.26316
4.60226
4.04276
4.34261
3.90773
4.46486
4.27386
3.96062
3.94914
3.98465
4.2069
4.23921
4.34857
3.74305
4.25588
4.34881
3.91092
4.17534
4.49555
4.15265
4.50493
4.12673
4.28392
3.90037
4.16735
4.21363
4.43089
4.17683
4.14938
3.9726
4.12768
4.0387
3.83236
4.07768
4.00077
4.13734
3.84119
3.9881
4.27151
3.97422
3.83676
4.00075
4.2946
4.12897
4.13088
3.98213
4.01888
4.53542
4.13942
4.46525
3.78525
4.17763
4.04063
4.43043
4.47717
4.26143
4.18898
3.82564
4.24338
4.15298
4.30782
3.98631
3.90494
4.30012
3.91701
3.8343
4.24195
3.65345
4.01957
4.21047
3.93025
3.9161
4.00965
3.9473
4.40802
4.3584
3.66773
4.24999
4.1218
3.73253
4.15242
4.09161
4.32547
4.12129
3.91177
4.29608
4.07224
4.01035
3.94402
4.00871
3.82055
4.14656
3.87439
4.08221
4.571
4.07959
3.92999
3.76438
4.01387
4.10026
4.05576
4.08138
4.1035
4.14264
4.05598
3.88634
3.94922
3.9408
4.13413
3.79567
4.19231
3.86511
3.99349
4.15135
3.95429
3.94355
4.03366
4.31098
3.54107
3.99545
4.13484
4.16912
4.12593
3.89612
3.79464
4.0816
4.05491
3.39207
3.68846
4.04094
4.10992
4.06209
3.89914
4.11361
3.97313
4.24761
4.15631
4.1328
3.79671
4.08801
4.40934
4.15371
4.12693
3.7452
4.06239
3.86215
3.97266
4.33106
3.94237
4.26272
4.58723
3.98043
4.07942
4.12236
3.92118
4.44139
4.1586
3.96615
4.2014
4.34909
3.56287
4.0681
4.36839
4.42653
3.8538
3.79904
3.99113
4.3969
4.31229
3.92427
4.28418
3.96383
4.24007
3.87407
4.25593
3.45271
4.10781
3.9864
4.13308
3.89441
4.14897
4.37755
4.12086
3.98154
4.19577
4.14126
3.79346
4.33458
3.92822
3.68666
4.17327
3.99041
4.02607
3.85652
4.0578
4.45638
4.27595
4.15192
3.91807
3.83414
3.98148
4.26826
3.5117
3.70675
3.92027
4.01396
3.95681
3.7518
4.15559
3.74849
4.02897
4.22859
4.32143
4.22577
4.33347
4.11262
4.25661
3.90557
4.04192
4.04608
4.05117
4.33967
4.01848
4.15413
4.04106
4.21642
4.37194
4.25747
4.26354
4.59736
4.10056
3.78161
3.53449
4.02998
4.03881
4.04478
4.3145
4.11024
4.43019
4.54321
4.38878
3.69836
4.39511
4.64829
4.31651
4.41237
3.96539
4.27807
4.03386
3.91772
4.1595
4.08945
3.99405
4.01114
4.45551
4.52477
4.14183
4.3273
4.24137
4.23999
4.52879
4.38027
3.81155
4.19108
4.04136
4.56185
3.98489
4.14298
4.54818
4.10403
4.15898
4.49943
3.918
4.59824
3.42087
3.83233
3.99899
4.09979
4.1688
4.15366
3.63243
4.18049
4.26056
4.05209
4.09084
4.17212
4.08333
3.86332
4.28969
3.95103
3.96224
3.89379
3.87929
4.26242
4.15504
4.36252
3.81571
4.24224
4.18871
3.77473
3.73261
3.65655
4.16041
4.22023
3.90304
3.96563
4.11704
3.8422
4.1393
3.81156
4.20703
4.46623
4.53367
4.06207
4.41303
3.81736
4.06446
3.76097
3.66337
3.88812
4.00038
4.22788
3.85386
3.84336
4.23841
4.14411
4.02381
3.77535
4.0263
3.88546
3.99518
3.82571
3.99439
4.26103
3.64222
4.14902
3.92414
3.92634
3.74054
3.96637
4.20585
3.90958
4.10665
3.87681
4.15562
4.29632
3.84773
3.85377
4.34835
4.11826
4.08494
4.3418
3.79318
4.35128
4.25675
4.34568
3.81674
4.5453
3.94411
3.77563
4.42957
4.07873
4.24601
3.8312
3.99105
4.1748
4.24175
4.04466
4.50901
3.98077
3.78189
4.48725
3.73069
3.8854
4.18957
4.02261
3.75798
4.22906
4.13383
3.97782
4.22765
4.11725
3.87638
4.41809
4.22683
4.30207
4.22397
3.93689
3.64758
4.44675
3.94043
4.60085
4.04207
3.85386
4.2092
4.40051
4.13935
4.27879
4.10818
4.32585
4.24116
3.99444
3.98968
4.03624
3.99257
4.29727
4.32803
4.23842
4.27359
4.16321
4.43659
4.07786
4.46847
4.28827
4.6961
3.90605
4.07383
4.50341
3.94751
4.45208
4.07726
4.12797
3.93923
4.31952
4.09513
4.37971
4.62516
3.99383
4.17709
3.952
4.35414
4.35379
3.56969
4.24317
4.41447
4.53745
4.30068
3.73669
3.81772
4.11846
4.02166
4.09202
4.16538
3.82321
3.95955
4.0705
4.04692
4.32425
3.91212
4.20858
4.13524
3.65321
3.81551
4.14963
3.83116
3.7128
4.27063
3.71688
3.98426
4.08013
4.13902
4.07258
4.38487
3.75919
3.77521
4.38643
3.85062
4.21714
4.06969
4.02099
3.74703
4.00965
3.7889
4.02717
4.26958
3.93183
4.12852
4.10248
3.71971
3.93335
3.87866
4.25648
4.34305
3.81141
4.30143
4.28784
4.67239
3.94186
4.15987
4.37533
4.42668
3.99982
3.88151
4.09279
4.3298
4.01302
4.31423
4.33855
4.32836
3.96589
3.72929
3.95876
3.65599
4.48972
4.28394
3.92541
4.12625
4.15205
4.24538
4.24144
4.36972
4.30101
4.36209
3.74914
3.70271
3.90861
3.51096
3.40292
3.81477
3.72743
4.07776
3.6092
4.03253
3.8484
4.03953
4.00313
3.69018
3.54959
4.01268
3.88164
3.9526
3.81166
3.79317
3.66629
3.59404
3.95264
4.00383
3.6055
3.65437
3.83528
4.20815
3.69213
3.7195
3.6968
3.51483
4.01844
3.67093
4.02055
4.08554
3.51938
4.06924
3.75694
3.87556
3.90774
4.17643
3.92499
3.89447
3.47468
3.83188
4.15951
3.67389
4.21847
3.63188
3.92641
3.78107
3.75184
3.51058
3.4547
3.70967
3.75366
4.1109
4.08855
3.81182
3.97318
3.96441
4.52153
4.17106
3.7981
3.71034
4.17901
3.89756
4.05525
3.81947
3.99125
4.29981
4.00274
3.727
3.94224
3.94982
4.19637
3.84883
4.00876
3.55561
4.24271
3.94675
4.23139
3.90673
4.19452
3.98751
3.75706
3.59709
3.94591
4.05747
4.06996
3.83753
4.05718
3.822
4.179
3.96529
4.05678
3.87005
4.05491
3.35972
3.77853
3.92653
3.75236
4.23682
3.54795
4.25549
4.23151
3.98831
3.86029
3.94978
4.08225
4.11552
3.74345
3.9379
3.92919
3.81833
3.93652
4.04609
3.84528
4.12949
4.32522
3.59489
3.8645
3.70036
3.81348
3.90733
3.83332
3.91141
4.17321
4.03571
4.4233
3.74315
4.29686
3.9248
4.05465
3.90434
4.02251
4.21426
3.85918
4.0125
4.04316
4.26137
3.71595
4.17068
3.84109
4.03022
4.15262
4.27196
4.22947
4.06913
4.16735
4.30965
3.81263
4.14246
4.25362
4.25002
3.8153
4.25783
4.41857
4.24852
4.18472
4.00405
4.09237
4.09684
3.72358
4.27687
4.11121
3.83813
4.18473
4.11603
3.95713
3.95391
3.89411
4.12806
4.1135
3.57736
3.60871
3.96958
4.00586
3.94842
4.09431
3.58951
4.32914
3.77541
3.72491
3.70293
3.67461
4.04937
4.21654
3.86087
3.67075
4.17696
4.29622
3.66607
3.67921
3.72318
3.87731
4.36784
3.53871
3.40601
3.96898
3.8114
4.0419
3.85895
3.8294
3.83494
3.904
4.02321
3.9044
4.01008
4.55764
3.87472
3.94242
3.8223
4.31604
3.8593
4.45808
3.73396
4.01699
4.32032
3.87459
4.155
3.9927
4.43406
4.44965
3.86584
4.40873
4.0659
4.3742
3.55892
3.99001
4.46633
4.06431
4.17104
4.2676
4.27845
4.23402
4.33147
3.61341
3.97789
4.1461
4.06141
3.92243
4.38136
4.03345
3.87792
4.03742
3.79321
3.68416
4.14434
3.82845
3.8229
4.21421
4.15236
4.17496
3.97269
3.83598
3.9069
4.28969
3.36
3.54732
3.88464
4.0216
3.99201
3.79394
4.15046
3.77509
3.89055
3.9895
3.90933
4.22979
3.7552
4.14687
4.03093
4.29521
4.14323
3.67132
4.06827
4.22875
4.2749
3.9805
4.20054
3.79536
4.01864
4.42682
4.08235
3.86432
4.14434
4.09339
3.5242
4.16035
3.79702
3.95585
4.11647
4.09285
4.23746
3.71301
3.97483
3.83898
3.80064
4.1374
4.04182
3.85588
3.99729
3.71161
3.82728
3.83029
4.14443
3.81883
3.9768
4.40302
3.90989
4.21533
4.16532
4.05989
4.17329
3.71456
3.71986
4.10991
4.01148
4.32409
3.70561
3.84555
4.28822
3.76047
4.04456
3.89981
4.23512
3.87559
4.1332
4.32927
4.05555
4.15016
3.91855
3.99173
3.75087
4.52062
3.92915
3.57888
4.39897
3.92423
4.10655
4.29654
4.11191
3.96
4.05625
3.83377
4.1573
4.07457
4.14932
4.38193
4.31221
3.99639
3.92089
3.49893
3.77887
4.42394
4.00698
4.0411
4.34949
4.14701
3.87935
3.9294
4.08891
4.3823
4.24826
4.18076
4.06765
4.20925
3.78965
3.82348
3.77413
3.93846
4.59709
3.74382
3.72003
4.13383
4.37754
4.62192
4.26221
4.12378
4.02067
4.13625
3.94378
3.9195
3.87193
3.80011
3.73472
3.86667
3.70554
4.22937
4.13375
3.75238
4.29339
3.73962
3.70799
4.08637
4.6736
4.35162
4.31962
4.28088
4.35209
4.00093
4.38578
3.89361
4.47464
3.7432
4.05174
3.79802
4.17128
4.1681
4.41063
3.67604
3.90858
3.96993
4.29713
4.06221
4.21731
3.74628
4.63401
4.00439
4.35781
4.39706
4.12035
3.96069
4.45802
4.20576
3.61528
3.77055
4.01156
3.81548
4.13649
4.15039
3.33916
4.21302
4.1833
4.20097
3.9693
3.84407
4.18622
4.312
3.99467
3.81199
3.96106
3.75208
4.12485
3.90516
3.66138
3.81108
4.07251
3.77825
4.00187
3.91651
3.94187
4.31034
3.78415
4.23001
4.2734
3.98084
3.83116
3.90855
3.88219
4.21274
3.51516
3.98864
3.76755
4.196
3.90371
3.97092
4.0807
3.72953
3.9527
4.1063
3.90069
4.10939
4.40973
3.74444
4.49029
4.07508
4.28444
4.00407
4.24386
4.19762
4.33324
3.91698
4.00216
4.17245
4.28741
4.53939
4.05925
4.47766
4.23889
4.35792
3.51491
4.15125
3.96395
3.91076
3.75708
3.76558
3.76716
3.96429
3.41096
3.70158
4.38207
3.54659
3.9924
3.68886
3.56805
3.58064
3.50578
3.8327
3.7232
3.92426
4.16588
3.98175
3.87613
4.18487
3.89372
3.95952
3.9533
4.20518
3.99581
4.18238
3.60061
3.73875
4.04788
3.74537
3.8064
3.54522
3.87533
3.63249
4.08949
4.06137
3.85063
4.10753
4.04395
4.03556
4.06313
4.18956
4.03297
4.10449
4.00647
3.94033
4.04418
4.34635
4.25882
4.07102
4.22295
4.17637
4.1481
4.08961
4.00599
4.11801
3.94908
3.96548
3.84453
4.08476
4.71571
3.80391
3.84881
3.99937
4.52664
4.16682
3.67447
4.1478
4.25309
4.03933
4.06298
3.9582
4.05456
3.89713
4.14743
4.46788
4.00415
3.78171
3.74458
3.75031
3.90619
4.12736
3.95689
4.15218
4.19964
4.35936
4.2666
4.59586
3.91062
4.02852
4.23121
4.39465
4.14037
4.06426
3.89571
4.16183
3.93442
4.12228
4.31997
4.12643
3.81407
4.13487
4.66568
4.12744
3.8628
4.12549
3.72063
4.13376
4.29104
3.9605
4.28549
3.91075
4.29934
4.64683
4.41102
4.46105
3.75457
3.68987
4.49379
3.66339
3.92874
4.05608
4.29412
3.87351
3.84463
3.65129
4.49666
4.17926
4.1329
3.91337
4.59241
3.91793
4.11208
4.15215
3.98629
4.52643
4.02263
4.27322
4.2454
4.30429
3.80899
4.63219
3.97872
3.52488
3.96644
3.94111
4.00661
3.70786
3.91541
3.93927
4.29371
4.33368
3.57417
3.94279
4.13225
3.95685
3.91154
3.96109
3.88059
3.96253
3.84633
4.17928
4.26305
4.47489
4.00063
4.51566
4.20579
4.33463
4.06902
4.39873
3.97295
3.84771
3.98102
4.18802
3.46381
4.01729
4.20637
4.01739
3.93979
3.5526
4.44277
3.44703
3.7751
4.12041
4.03475
4.22151
3.80326
3.58148
3.93279
3.83156
3.97157
4.18357
3.91836
4.0117
4.30686
4.34349
4.02581
3.83998
3.60136
3.7747
3.75915
3.818
3.76853
4.17839
3.95629
3.82003
